-6
91
-49
-36
9
-31
-51
88
16
-123
88
124
68
-93
-114
36
64
29
-72
-88
60
122
7
-125
-41
94
41
-40
110
-26
59
84
39
-121
-22
125
-52
-99
-6
44
-33
19
120
-80
-112
118
10
-127
-99
102
29
-52
-36
-13
-1
72
-31
-116
-58
127
47
-108
101
60
88
2
-114
-65
40
110
11
-128
104
113
-69
-71
119
9
-86
53
-72
-104
-6
126
25
-119
35
81
-47
-24
127
-41
17
94
-68
-125
-85
123
125
-93
-116
38
-34
24
-31
-83
41
119
6
-127
-73
103
-38
-56
43
-7
24
67
-3
-112
-11
127
21
-114
87
72
-90
-14
47
-49
48
99
74
-126
21
122
-65
-90
34
35
81
27
-56
-84
76
119
-16
-128
-69
104
85
-58
9
-3
-40
62
24
-108
-103
127
-99
-118
-71
79
-124
-24
-48
-39
-21
90
-127
-123
-91
125
72
-100
-59
50
-41
9
-36
-69
-70
110
29
-128
-67
115
-39
-78
-3
20
-25
39
83
-92
-104
122
72
-126
103
100
-115
-53
-75
-8
86
65
86
-109
-104
127
8
-118
-1
81
56
-28
109
-33
-92
85
83
-120
48
127
102
-107
-124
62
74
-5
-22
-55
-9
100
77
-126
-16
122
-94
-94
123
43
-50
15
98
-72
-34
111
25
-128
83
116
76
-80
-6
25
70
33
-90
-86
33
119
-118
-128
-96
108
73
-67
-83
10
-110
47
74
-96
-101
123
-112
-126
-29
100
-48
-56
-11
-3
-55
58
-56
-104
25
126
66
-123
-24
93
90
-46
-4
-13
36
67
-100
-109
79
127
-23
-121
68
88
-110
-39
-55
-20
-30
72
79
-112
-53
127
-1
-119
91
84
71
-34
86
-24
60
76
-120
-114
-16
127
44
-117
106
82
95
-32
-104
-26
87
77
20
-114
-12
127
66
-117
-114
82
-47
-33
-117
-25
65
76
-30
-114
-30
127
62
-118
-60
84
-97
-36
48
-21
-18
72
13
-111
-106
127
71
-120
-20
88
-39
-42
-111
-15
54
67
-44
-108
-64
126
-81
-123
-60
94
-95
-50
-72
-6
-29
58
-103
-102
-26
124
-13
-126
-30
101
53
-60
-94
6
-77
47
-42
-94
99
121
-58
-128
-85
109
-3
-73
50
21
112
33
19
-82
115
115
5
-128
74
117
-101
-86
27
38
0
16
-46
-68
63
106
-65
-127
-85
123
-8
-100
-57
56
-125
-5
113
-49
-13
92
27
-121
127
127
82
-112
68
76
119
-28
9
-26
-31
74
72
-111
71
127
61
-122
45
95
-49
-53
64
0
-82
51
78
-95
114
121
-108
-128
-88
111
23
-77
33
29
-119
23
-44
-73
-109
108
88
-127
110
123
126
-100
-14
58
105
-9
-40
-44
-86
87
106
-118
-2
127
-62
-118
40
87
61
-43
98
-9
-122
58
47
-99
-17
122
-3
-128
112
110
6
-76
64
29
37
22
18
-70
105
106
54
-126
0
125
-64
-105
-28
66
16
-19
5
-32
-58
77
-59
-112
27
127
9
-123
-125
99
-127
-61
14
12
54
38
-124
-83
-29
113
99
-128
-109
121
54
-97
30
57
73
-9
5
-41
88
84
52
-115
-72
127
-58
-122
88
96
20
-57
-17
8
87
40
127
-84
23
114
109
-128
-3
121
-61
-99
-26
59
70
-13
-74
-37
-29
79
84
-112
-1
126
81
-124
67
102
16
-66
10
20
-72
28
-68
-74
39
107
119
-126
-50
125
1
-108
-74
74
58
-31
125
-18
63
63
14
-100
109
122
111
-128
-80
114
83
-86
-90
44
-107
2
-105
-50
72
89
81
-117
-41
127
-70
-122
-16
97
-32
-62
-18
15
101
31
-95
-75
33
107
-63
-126
76
126
-53
-111
53
79
116
-38
-34
-10
-121
54
113
-93
40
118
13
-128
-81
120
-100
-98
53
61
7
-17
-117
-30
-13
71
13
-105
39
124
-28
-128
124
113
-29
-86
-71
45
-119
-1
48
-45
64
84
46
-113
-31
126
77
-125
-103
106
13
-75
-48
33
-115
11
-106
-56
58
92
-103
-118
-49
127
-54
-123
89
101
28
-68
8
26
0
19
93
-62
-99
96
87
-120
-3
127
93
-121
-116
98
-124
-65
-99
22
-15
21
53
-64
-27
97
-45
-121
-2
127
-123
-121
-109
98
12
-65
-91
23
105
20
-1
-63
58
96
-22
-120
-17
127
53
-122
109
101
-70
-70
26
29
99
14
-43
-57
105
91
-25
-117
109
127
-41
-125
-73
106
-37
-78
-41
38
-48
3
3
-46
-21
82
-124
-111
-97
125
79
-127
-98
113
19
-88
127
52
-78
-12
-22
-32
-1
69
-44
-102
56
121
1
-128
-49
120
-128
-101
81
69
82
-31
-57
-12
-37
51
30
-87
-113
112
-49
-127
95
126
-35
-114
-18
87
-122
-54
110
13
-8
27
-101
-67
-46
97
-5
-120
-48
127
-91
-124
36
106
-2
-79
-29
41
122
-2
13
-39
99
75
-30
-105
61
122
6
-128
-55
120
-116
-102
-10
71
-80
-36
46
-5
106
44
115
-80
-62
106
-102
-124
-36
127
60
-120
-13
99
-105
-71
11
34
-110
5
102
-45
67
79
-64
-107
-2
122
15
-128
-88
120
27
-102
122
73
-38
-39
66
-1
-127
39
126
-75
123
102
38
-121
-16
127
-37
-124
-14
106
25
-81
113
47
83
-10
19
-29
-44
64
54
-95
24
116
33
-127
45
126
-35
-115
-34
91
-107
-62
-122
25
-107
12
121
-50
8
82
-67
-108
5
123
5
-128
-67
121
25
-105
-9
78
-60
-47
-116
9
-25
27
24
-63
120
92
-26
-115
-5
125
-40
-128
-111
117
-20
-99
92
70
55
-37
46
0
97
36
33
-70
-124
97
-17
-118
-15
126
-98
-127
120
115
-39
-96
30
67
81
-34
-111
-3
75
38
-7
-72
3
98
-33
-118
-31
126
116
-127
48
116
82
-97
-106
69
-21
-38
-73
1
-72
33
-125
-67
12
94
-79
-115
-70
125
-125
-128
123
119
-96
-103
-126
77
49
-47
-100
12
122
22
44
-56
-15
84
82
-108
93
122
10
-128
21
124
-19
-112
-20
89
-58
-63
6
30
77
4
-69
-39
105
69
126
-96
-77
114
88
-126
-97
127
123
-121
-33
104
38
-82
24
53
86
-21
-44
-14
6
46
95
-76
-15
99
-82
-118
-105
126
-42
-128
10
119